96 69 96 69 2A 01 00 01 01 49 4E 50 43 01 00 2C 00 05 30 30 30 30 30 7B 22 74 6F 6B 65 6E 22 3A 22 31 32 33 34 35 36 37 38 39 30 2D 41 42 43 44 45 46 47 48 4A 49 2D 31 32 33 34 35 36 37 38 39 30 22 7D FF


96 69 96 69 2A 01 00 01 01 49 4E 50 43 01 00 28 00 05 30 30 30 30 30 7B 22 74 6F 6B 65 6E 22 3A 22 57 4F 53 48 49 53 48 55 49 31 32 33 2D 2D 57 4F 53 48 49 53 48 55 49 31 32 33 2D 2D 22 7D FF


96 69 96 69 2A 01 00 01 01 49 4E 50 43 01 00 3B 00 05 30 30 30 30 30 7B 22 74 6F 6B 65 6E 22 3A 20 22 61 62 63 64 31 32 33 34 35 36 37 38 39 30 22 2C 22 63 61 72 64 22 3A 20 22 30 30 30 30 30 30 30 31 22 2C 22 73 65 74 6C 6F 63 6B 22 3A 20 30 7D FF //解锁


96 69 96 69 2A 01 00 01 01 49 4E 50 43 01 00 3B 00 05 30 30 30 30 30 7B 22 74 6F 6B 65 6E 22 3A 20 22 61 62 63 64 31 32 33 34 35 36 37 38 39 30 22 2C 22 63 61 72 64 22 3A 20 22 30 30 30 30 30 30 30 31 22 2C 22 73 65 74 6C 6F 63 6B 22 3A 20 31 7D FF //锁车


96 69 96 69 1F 01 00 01 01 49 4E 50 43 01 00 26 00 05 30 30 30 30 30 7B 22 75 73 65 72 22 3A 20 22 73 68 61 6F 7A 68 61 6E 79 75 22 2C 22 70 77 64 22 3A 20 22 31 32 33 34 35 36 22 7D FF  //登录


96 69 96 69 2D 01 00 01 01 49 4E 50 43 01 00 7C 00 05 30 30 30 30 30 7B 22 74 6F 6B 65 6E 22 3A 20 22 61 62 63 64 31 32 33 34 35 36 37 38 39 30 22 2C 22 63 61 72 64 22 3A 20 22 30 30 30 30 30 30 30 31 22 2C 22 70 68 6F 6E 65 22 3A 22 31 33 37 33 31 31 31 36 35 32 37 22 2C 22 62 69 6B 65 6E 61 6D 65 22 3A 20 22 D0 A1 C5 A3 22 2C 22 62 69 6B 65 63 6F 6C 6F 72 22 3A 22 62 6C 75 65 22 2C 22 62 69 6B 65 74 79 70 65 22 3A 22 6C 76 6A 75 22 7D FF //绑定

96 69 96 69 2F 01 00 01 01 49 4E 50 43 01 00 2e 00 05 30 30 30 30 30 7B 22 74 6F 6B 65 6E 22 3A 20 22 61 62 63 64 31 32 33 34 35 36 37 38 39 30 22 2C 22 63 61 72 64 22 3A 20 22 30 30 30 30 30 30 30 31 22 7D FF //查询

96 69 96 69 30 01 00 01 01 49 4E 50 43 01 00 1B 00 05 30 30 30 30 30 7B 22 74 6F 6B 65 6E 22 3A 20 22 61 62 63 64 31 32 33 34 35 36 37 38 39 30 22 7D FF //查询所有车辆

96 69 96 69 5C 01 00 01 01 01 02 03 04 01 00 29 00 05 30 30 30 30 30 01 06 00 00 00 04 49 01 2C 41 2C 33 38 30 30 2E 33 38 35 38 2C 4E 2C 31 31 34 32 37 2E 38 37 37 36 2C 45 2C 31 30 2E 30 35 FF   //硬件上传GPS   //硬件上传GPS

96 69 96 69 5B 01 00 01 01 49 4E 50 43 01 00 60 00 05 30 30 30 30 30 7B 22 63 61 72 64 22 3A 20 22 30 30 30 30 30 30 30 31 22 2C 22 63 61 72 64 5F 73 74 61 74 65 22 3A 20 22 4F 75 74 22 2C 22 63 61 72 64 5F 6C 6F 63 6B 22 3A 31 2C 22 67 70 73 22 3A 22 2C 41 2C 33 38 30 30 2E 33 38 35 38 2C 4E 2C 31 31 34 32 37 2E 38 37 37 36 2C 45 2C 31 30 2E 30 35 22 7D FF //硬件上传状态

96 69 96 69 5B 01 00 01 01 49 4E 50 43 01 00 62 00 05 30 30 30 30 30 7B 22 63 61 72 64 22 3A 20 22 30 30 30 30 30 30 30 31 22 2C 22 63 61 72 64 5F 73 74 61 74 65 22 3A 20 22 4F 75 74 22 2C 22 63 61 72 64 5F 6C 6F 63 6B 22 3A 20 31 20 2C 22 67 70 73 22 3A 22 2C 41 2C 33 31 35 38 2E 34 36 30 38 2C 4E 2C 31 31 38 34 38 2E 33 37 33 37 2C 45 2C 31 30 2E 30 35 22 7D FF


96 69 96 69 5B 01 00 01 01 49 4E 50 43 01 00 67 00 05 30 30 30 30 30 7B 22 63 61 72 64 22 3A 20 22 30 30 30 30 30 30 30 31 22 2C 22 63 61 72 64 5F 73 74 61 74 65 22 3A 20 22 4F 75 74 22 2C 22 63 61 72 64 5F 6C 6F 63 6B 22 3A 20 22 61 62 63 64 22 20 2C 22 67 70 73 22 3A 22 2C 41 2C 33 31 35 38 2E 34 36 30 38 2C 4E 2C 31 31 38 34 38 2E 33 37 33 37 2C 45 2C 31 30 2E 30 35 22 7D FF  //硬件上传错误状态

96 69 96 69 5B 01 00 01 01 49 4E 50 43 01 00 65 00 05 30 30 30 30 30 7B 22 63 61 72 64 22 3A 20 22 30 30 30 30 30 30 30 31 22 2C 22 63 61 72 64 5F 73 74 61 74 65 22 3A 20 22 4F 75 74 22 2C 22 63 61 72 64 5F 6C 6F 63 6B 22 3A 20 31 61 63 64 20 2C 22 67 70 73 22 3A 22 2C 41 2C 33 31 35 38 2E 34 36 30 38 2C 4E 2C 31 31 38 34 38 2E 33 37 33 37 2C 45 2C 31 30 2E 30 35 22 7D FF 22 33 44 55 66 //硬件上传json格式错误

96 69 96 69 5B 01 00 01 01 49 4E 50 43 01 F0 FF 00 05 30 30 30 30 30 22 63 61 72 64 22 3A 20 22 30 30 30 30 30 30 30 31 22 2C 22 63 61 72 64 5F 73 74 61 74 65 22 3A 20 22 4F 75 74 22 2C 22 63 61 72 64 5F 6C 6F 63 6B 22 3A 20 31 61 63 64 20 2C 22 67 70 73 22 3A 22 2C 41 2C 33 31 35 38 2E 34 36 30 38 2C 4E 2C 31 31 38 34 38 2E 33 37 33 37 2C 45 2C 31 30 2E 30 35 22 7D FF

锁定控制请求

{
    "token": "abcd1234567890",
    "card": "00000001",
    "setlock": 1   
}


{"token": "abcd1234567890","card": "00000001","setlock": 1}//设置状态

{"user": "shaozhanyu","pwd": "123456"}  //登录

{"token": "abcd1234567890","card": "00000001"} //查询状态，解绑

{"token": "abcd1234567890"} //查询用户名下所有车辆

{"token": "abcd1234567890","card": "00000001","phone":"13731116527","bikename": "小牛","bikecolor":"blue","biketype":"lvju"} //绑定

96 69 96 69 2D 01 00 01 01 49 4E 50 43 01 00 7F 00 05 30 30 30 30 30 7B 22 75 73 65 72 22 3A 22 73 68 61 6F 7A 68 61 6E 79 75 22 2C 22 70 77 64 22 3A 22 31 32 33 34 35 36 22 2C 22 63 61 72 64 22 3A 22 30 30 30 30 30 30 30 32 22 2C 22 70 68 6F 6E 65 22 3A 22 31 33 37 33 31 31 31 36 35 32 37 22 2C 22 62 69 6B 65 6E 61 6D 65 22 3A 22 E6 88 91 E7 9A 84 E9 9B 85 E8 BF AA 22 2C 22 62 69 6B 65 63 6F 6C 6F 72 22 3A 22 E7 99 BD E8 89 B2 22 2C 22 62 69 6B 65 74 79 70 65 22 3A 22 E9 9B 85 E8 BF AA 22 7D FF 

{"card": "00000001"}  //硬件心跳


{"card": "00000001","card_state": "Out","card_lock": 1 ,"gps":",A,3800.3858,N,11427.8776,E,10.05"} //报警上传，查询状态应答，硬件限制查询频率

{"card": "00000001","card_state": "Out","card_lock": 1acd ,"gps":",A,3158.4608,N,11848.3737,E,10.05"}

38.00.24.324   38.00634
114.27.54.126  114.465


/////////////////////////////////////////////////////////////////////////////////////////////////////////////////////////////////////////
应答硬件状态信息

{
	"errno": 0,
	"error":"succ",
	"data":
	{
		
		"card":"00000002",
		"card_state":"In",
		"card_lock":1,
		"card_state":"In",
		"token":"EFEW-EFW-EFW-WEFE",
		"bikename":"lvju",
		"gps":"024813.640,A,3158.4608,N,11848.3737,E,10.05,324.27,150706",
		"time":"2017-5-10-17:10:20"
	}
}










